# varmapack Matlab reference data v1
# Format documented in tests/matlabcompare.m
var #Ms 0
1 
var #cases 0
15 
var n 0
5 
var Ms 0
1 
var cases 1 15
1 2 3 4 5 6 7 8 9 10 11 12 13 14 15 
var p2 0
1 
var q2 0
0 
var r2 0
1 
var A2 0
0.5 
var B2 2 0 0

var Sig2 0
0.80000000000000004 
var x02 0
-2 
var mu2 0
0.10000000000000001 
var specrad-1 0
0.5 
var acvfMaxlag-1 0
4 
var Gamma-1 3 1 1 5
1.0666666666666667 0.53333333333333333 0.26666666666666666 0.13333333333333333 0.066666666666666666 
var condR-1 0
1 
var AutoML1-1 3 1 1 5
0.67054810676504473 -0.042870682460051823 -0.39229464165742528 0.027768603609650788 0.072122667125303963 
var AutoC1-1 3 1 1 5
0.67054810676504473 -0.053588353075064779 -0.65382440276237552 0.069421509024126971 0.36061333562651982 
var X1-1 1 5
2.1746112756696481 1.8023009050241132 0.20131837536471209 1.972664060315918 2.5995389297060796 
var E1-1 1 5
1.6283599576870063 0.71499526718928907 -0.69983207714734452 1.8720048726335619 1.6132068995481206 
var X01-1 1 5
-2 -0.28500473281071093 -0.84233444355270004 1.4508376508572118 2.3386257249767266 
var E01-1 1 5
-1.0269324817763015 0.71499526718928907 -0.69983207714734452 1.8720048726335619 1.6132068995481206 
var Xmu1-1 1 5
2.2746112756696482 1.9023009050241133 0.30131837536471207 2.0726640603159181 2.6995389297060797 
var Emu1-1 1 5
1.6283599576870063 0.71499526718928907 -0.69983207714734452 1.8720048726335619 1.6132068995481206 
var X0mu1-1 1 5
-2 -0.23500473281071096 -0.76733444355269997 1.538337650857212 2.4323757249767266 
var E0mu1-1 1 5
-1.1019324817763017 0.71499526718928907 -0.69983207714734452 1.8720048726335619 1.6132068995481206 
var p3 0
0 
var q3 0
1 
var r3 0
1 
var A3 2 0 0

var B3 0
0.5 
var Sig3 0
0.80000000000000004 
var x03 0
-2 
var mu3 0
0.10000000000000001 
var specrad-2 0
0 
var acvfMaxlag-2 0
4 
var Gamma-2 3 1 1 5
1 0.40000000000000002 0 0 0 
var condR-2 0
1 
var AutoML1-2 3 1 1 5
0.97082924724609732 -0.020963422553246649 -0.61874068908335267 0.018654859239058619 0.13563462877449195 
var AutoC1-2 3 1 1 5
0.97082924724609732 -0.026204278191558312 -1.0312344818055876 0.046637148097646547 0.67817314387245975 
var X1-2 1 5
2.1014274759107057 1.5291752460327923 -0.34233444355269999 1.5220888340598897 2.5492093358649015 
var E1-2 1 5
1.6283599576870063 0.71499526718928907 -0.69983207714734452 1.8720048726335619 1.6132068995481206 
var X01-2 1 5
-2 0.12655749292835139 -0.34233444355269999 1.5220888340598897 2.5492093358649015 
var E01-2 1 5
-1.1768755485218754 0.71499526718928907 -0.69983207714734452 1.8720048726335619 1.6132068995481206 
var Xmu1-2 1 5
2.2014274759107058 1.6291752460327924 -0.24233444355269998 1.6220888340598898 2.6492093358649016 
var Emu1-2 1 5
1.6283599576870063 0.71499526718928907 -0.69983207714734452 1.8720048726335619 1.6132068995481206 
var X0mu1-2 1 5
-2 0.18655749292835136 -0.24233444355269998 1.6220888340598898 2.6492093358649016 
var E0mu1-2 1 5
-1.2568755485218754 0.71499526718928907 -0.69983207714734452 1.8720048726335619 1.6132068995481206 
var p4 0
1 
var q4 0
1 
var r4 0
1 
var A4 0
0.40000000000000002 
var B4 0
0.40000000000000002 
var Sig4 0
0.80000000000000004 
var x04 0
-2 
var mu4 0
0.10000000000000001 
var specrad-3 0
0.40000000000000002 
var acvfMaxlag-3 0
4 
var Gamma-3 3 1 1 5
1.4095238095238098 0.88380952380952404 0.35352380952380963 0.14140952380952385 0.056563809523809544 
var condR-3 0
1 
var AutoML1-3 3 1 1 5
0.74093605905089421 -0.044623051966132289 -0.45527469512742497 0.043774064373352718 0.085655653194757361 
var AutoC1-3 3 1 1 5
0.74093605905089421 -0.05577881495766536 -0.75879115854570822 0.10943516093338179 0.42827826597378682 
var X1-3 1 5
2.4542143238146266 2.3480249797899422 0.52537602164434793 1.8022224504323634 3.0828978287744908 
var E1-3 1 5
1.6283599576870063 0.71499526718928907 -0.69983207714734452 1.8720048726335619 1.6132068995481206 
var X01-3 1 5
-2 -0.29018895991105353 -0.52990955423605035 1.3801082200802037 2.9140521366336269 
var E01-3 1 5
-0.5129605677508563 0.71499526718928907 -0.69983207714734452 1.8720048726335619 1.6132068995481206 
var Xmu1-3 1 5
2.5542143238146267 2.4480249797899423 0.62537602164434791 1.9022224504323635 3.1828978287744909 
var Emu1-3 1 5
1.6283599576870063 0.71499526718928907 -0.69983207714734452 1.8720048726335619 1.6132068995481206 
var X0mu1-3 1 5
-2 -0.25289166261375629 -0.45499063531713146 1.4700757876477715 3.0100391636606543 
var E0mu1-3 1 5
-0.56971732450761314 0.71499526718928907 -0.69983207714734452 1.8720048726335619 1.6132068995481206 
var p5 0
1 
var q5 0
0 
var r5 0
2 
var A5 2 2 2
0.10000000000000001 0.10000000000000001 0.10000000000000001 0.10000000100000001 
var B5 2 0 0

var Sig5 2 2 2
2 1 1 3 
var x05 1 2
-2 -1 
var mu5 1 2
0.10000000000000001 0.20000000000000001 
var specrad-4 0
0.2000000005 
var acvfMaxlag-4 0
4 
var Gamma-4 3 2 2 5
2.0729166666839407 1.0729166670985242 1.0729166670985242 3.0729166675131072 0.31458333337824651 0.31458333445116315 0.41458333346116316 0.4145833365340798 0.062916666782940972 0.062916667097524304 0.082916666999524297 0.082916667414107637 0.012583333388046528 0.012583333450963196 0.016583333441363195 0.016583333524279861 0.0025166666839009726 0.0025166666964843059 0.0033166666965643056 0.0033166667131476393 
var condR-4 0
219407873923039.03 
var AutoML1-4 3 2 2 5
2.8401009470967038 1.8774767893926749 1.8774767893926749 5.5884521227370847 -1.1212377340576112 1.6235949521701929 -1.4468274914951487 2.0179564535808323 -0.68315944524304406 -0.20486239227120073 -0.22862165876900989 -1.8579142607957166 1.009567972127231 -0.81834837434085428 0.75618032590645279 -2.0473579340238737 -0.62522126637492748 -0.57859043478643346 -0.98000171580667406 -0.90691032012978368 
var AutoC1-4 3 2 2 5
2.8401009470967038 1.8774767893926749 1.8774767893926749 5.5884521227370847 -1.4015471675720139 2.0294936902127412 -1.8085343643689358 2.5224455669760402 -1.1385990754050734 -0.3414373204520012 -0.38103609794834981 -3.0965237679928612 2.5239199303180775 -2.0458709358521356 1.8904508147661321 -5.118394835059684 -3.1261063318746376 -2.8929521739321671 -4.9000085790333703 -4.5345516006489186 
var X1-4 2 2 5
2.2857395081588985 2.2623529321541613 -0.6517224276848349 3.2108117600692156 2.8066130030736964 3.2038072218422209 1.8597945344731477 -0.72374762471724252 -1.4121758136767293 -2.6941025593953629 
var E1-4 2 2 5
2.5746631584531738 2.5512765840911711 -1.1065316717161409 2.7560025137755568 2.5507040698352585 2.9478982853929709 1.2587525119815559 -1.3247896504126415 -1.5257805046523198 -2.8077072496472057 
var X01-4 2 2 5
-2 -1 -1.4065316717161409 2.4560025127755569 2.6556511539412 3.0528453719549149 1.8296021645711675 -0.75393999477018458 -1.4182142876722215 -2.7001410334210476 
var E01-4 2 2 5
-2.2129432653832697 -1.2129432665940012 -1.1065316717161409 2.7560025137755568 2.5507040698352585 2.9478982853929709 1.2587525119815559 -1.3247896504126415 -1.5257805046523198 -2.8077072496472057 
var Xmu1-4 2 2 5
2.3857395081588986 2.4623529321541615 -0.55172242768483493 3.4108117600692158 2.9066130030736965 3.4038072218422211 1.9597945344731478 -0.52374762471724257 -1.3121758136767292 -2.4941025593953627 
var Emu1-4 2 2 5
2.5746631584531738 2.5512765840911711 -1.1065316717161409 2.7560025137755568 2.5507040698352585 2.9478982853929709 1.2587525119815559 -1.3247896504126415 -1.5257805046523198 -2.8077072496472057 
var X0mu1-4 2 2 5
-2 -1 -1.3365316717161408 2.6260025125755568 2.7496511539212003 3.2468453719049153 1.9284021645641676 -0.55513999478318454 -1.3184542876742213 -2.5003810334242473 
var E0mu1-4 2 2 5
-2.3073544430037676 -1.4073544441827224 -1.1065316717161409 2.7560025137755568 2.5507040698352585 2.9478982853929709 1.2587525119815559 -1.3247896504126415 -1.5257805046523198 -2.8077072496472057 
var p6 0
2 
var q6 0
0 
var r6 0
2 
var A6 2 2 4
0.59999999999999998 0.040000000000000001 0.050000000000000003 0.59999999999999998 0.29999999999999999 0.02 0.02 0.29999999999999999 
var B6 2 0 0

var Sig6 2 2 2
2 1 1 3 
var x06 2 2 2
-2 -1 0 1 
var mu6 1 2
0.10000000000000001 0.20000000000000001 
var specrad-5 0
0.97351483767619795 
var acvfMaxlag-5 0
4 
var Gamma-5 3 2 2 5
20.346348341128856 17.523260123053575 17.523260123053575 22.664032663087507 19.180517745081421 16.847276523283924 17.119520536349988 20.908993618914756 18.805044178012775 16.539491627512259 17.027420692933553 20.379851994190176 18.201101942173381 16.11369005551467 16.789481048752933 19.524096520632874 17.698648754033837 15.73420648280967 16.565716703047272 18.840541166445565 
var condR-5 0
8471.8298162974588 
var AutoML1-5 3 2 2 5
1.9184499802585158 0.60755170616998488 0.60755170616998488 2.3916582808943838 0.015044402204067896 1.4442943025221218 -1.805731627487176 0.12072538616470603 -0.83679379311235691 -0.16497972595916519 -0.77057520662724621 -1.5936044955647108 -0.13649602132259048 -0.36862040033952048 0.89899539423817509 -0.17947292734994788 -0.00097957789837852471 -0.0027634097101337219 0.16182896719295947 0.45652289630276088 
var AutoC1-5 3 2 2 5
1.9184499802585158 0.60755170616998488 0.60755170616998488 2.3916582808943838 0.018805502755084871 1.8053678781526523 -2.2571645343589699 0.15090673270588253 -1.3946563218539281 -0.27496620993194199 -1.2842920110454104 -2.6560074926078516 -0.34124005330647622 -0.92155100084880126 2.2474884855954378 -0.44868231837486972 -0.0048978894918926237 -0.01381704855066861 0.80914483596479736 2.2826144815138045 
var X1-5 2 2 5
-2.0082803842012065 -0.93124790329860296 -3.9461250394912786 0.58047288713757084 -0.40905638282896417 2.8187970374222573 -0.017969519949341706 0.44534568207899983 -1.580635906618219 -1.7037606376276817 
var E1-5 2 2 5
2.5746631584531738 2.5512765840911711 -1.1065316717161409 2.7560025137755568 2.5507040698352585 2.9478982853929709 1.2587525119815559 -1.3247896504126415 -1.5257805046523198 -2.8077072496472057 
var X01-5 2 2 5
-2 -1 0 1 1.9807040698352587 3.2078982853929707 2.6275698681523596 0.97917748361655121 0.75808947707836061 -1.1131143977365845 
var E01-5 2 2 5
-2.1163733803353635 -0.92440421407841256 1.1327999918772766 1.3090921512705123 2.5507040698352585 2.9478982853929709 1.2587525119815559 -1.3247896504126415 -1.5257805046523198 -2.8077072496472057 
var Xmu1-5 2 2 5
-1.9082803842012064 -0.73124790329860301 -3.8461250394912785 0.78047288713757079 -0.30905638282896419 3.0187970374222575 0.0820304800506583 0.64534568207899978 -1.4806359066182189 -1.5037606376276818 
var Emu1-5 2 2 5
2.5746631584531738 2.5512765840911711 -1.1065316717161409 2.7560025137755568 2.5507040698352585 2.9478982853929709 1.2587525119815559 -1.3247896504126415 -1.5257805046523198 -2.8077072496472057 
var X0mu1-5 2 2 5
-2 -1 0 1 1.9767040698352587 3.221898285392971 2.6218698681523596 1.001417483616551 0.75086147707836004 -1.0818783977365845 
var E0mu1-5 2 2 5
-2.1156179108378774 -0.95695224165718984 1.1359649599978909 1.2899049801750806 2.5507040698352585 2.9478982853929709 1.2587525119815559 -1.3247896504126415 -1.5257805046523198 -2.8077072496472057 
var p7 0
0 
var q7 0
1 
var r7 0
2 
var A7 2 0 0

var B7 2 2 2
0.29999999999999999 0.10000000000000001 0.10000000000000001 0.20000000000000001 
var Sig7 2 2 2
2 1 1 2 
var x07 1 2
-2 -1 
var mu7 1 2
0.10000000000000001 0.20000000000000001 
var specrad-6 0
0 
var acvfMaxlag-6 0
4 
var Gamma-6 3 2 2 5
2.2599999999999998 1.1699999999999999 1.1699999999999999 2.1400000000000001 0.69999999999999996 0.40000000000000002 0.5 0.5 0 0 0 0 0 0 0 0 0 0 0 0 
var condR-6 0
19.281470067903744 
var AutoML1-6 3 2 2 5
2.1829813522633517 1.5788969890826872 1.5788969890826872 4.027703904465473 -0.77747621786720356 1.2002080116314471 -1.2339134758994308 1.3107110040658905 -0.65091438580992333 -0.18999434488875763 -0.29495819194464745 -1.2940680934864166 0.77740222514569712 -0.56389327384769306 0.59303043422168733 -1.3812226707641593 -0.44050229760024617 -0.44134783135696071 -0.64802831699833141 -0.64927219204805087 
var AutoC1-6 3 2 2 5
2.1829813522633517 1.5788969890826872 1.5788969890826872 4.027703904465473 -0.97184527233400442 1.5002600145393088 -1.5423918448742886 1.638388755082363 -1.0848573096832055 -0.31665724148126273 -0.49159698657441248 -2.156780155810694 1.9435055628642428 -1.4097331846192327 1.4825760855542183 -3.4530566769103981 -2.2025114880012309 -2.2067391567848036 -3.2401415849916573 -3.2463609602402546 
var X1-6 2 2 5
2.0290857687663255 1.9597480530522475 -0.10749480717027826 2.720824555259536 2.4197528088598559 2.8622641035954262 2.2810538119009496 -0.11506358133341688 -1.2365861656833106 -2.3977862657121722 
var E1-6 2 2 5
2.5746631584531738 2.2663791700991038 -1.1065316717161409 2.0100824053943978 2.5507040698352585 2.5709007896881606 1.2587525119815559 -0.88431414625457494 -1.5257805046523198 -2.3467986876594127 
var X01-6 2 2 5
-2 -1 -1.9049107872900528 1.5548504570031521 2.4197528088598559 2.8622641035954262 2.2810538119009496 -0.11506358133341688 -1.2365861656833106 -2.3977862657121722 
var E01-6 2 2 5
-2.2830525655131559 -1.1346334591996505 -1.1065316717161409 2.0100824053943978 2.5507040698352585 2.5709007896881606 1.2587525119815559 -0.88431414625457494 -1.5257805046523198 -2.3467986876594127 
var Xmu1-6 2 2 5
2.1290857687663256 2.1597480530522475 -0.0074948071702782559 2.9208245552595362 2.519752808859856 3.0622641035954263 2.3810538119009497 0.084936418666583136 -1.1365861656833105 -2.1977862657121721 
var Emu1-6 2 2 5
2.5746631584531738 2.2663791700991038 -1.1065316717161409 2.0100824053943978 2.5507040698352585 2.5709007896881606 1.2587525119815559 -0.88431414625457494 -1.5257805046523198 -2.3467986876594127 
var X0mu1-6 2 2 5
-2 -1 -1.8491789920485242 1.708851898964219 2.519752808859856 3.0622641035954263 2.3810538119009497 0.084936418666583136 -1.1365861656833105 -2.1977862657121721 
var E0mu1-6 2 2 5
-2.3681282684691762 -1.3220883979163052 -1.1065316717161409 2.0100824053943978 2.5507040698352585 2.5709007896881606 1.2587525119815559 -0.88431414625457494 -1.5257805046523198 -2.3467986876594127 
var p8 0
0 
var q8 0
2 
var r8 0
2 
var A8 2 0 0

var B8 2 2 4
0.29999999999999999 0.29999999999999999 0.10000000000000001 0.10000000000000001 0.10000000000000001 0.10000000000000001 0.10000000000000001 0.10000000000000001 
var Sig8 2 2 2
2 1 1 2 
var x08 2 2 2
-2 -1 0 1 
var mu8 1 2
0.10000000000000001 0.20000000000000001 
var specrad-7 0
0 
var acvfMaxlag-7 0
4 
var Gamma-7 3 2 2 5
2.3199999999999998 1.3200000000000001 1.3200000000000001 2.3199999999999998 0.81999999999999995 0.81999999999999995 0.62 0.62 0.30000000000000004 0.30000000000000004 0.30000000000000004 0.30000000000000004 0 0 0 0 0 0 0 0 
var condR-7 0
3416616535369199 
var AutoML1-7 3 2 2 5
2.1611824027287625 1.0017920360382702 1.0017920360382702 2.8567737879560213 -0.80544927045987047 1.1685379153937521 -1.2454204354031566 0.89747953071197684 -0.76054596287345133 -0.16387924059185127 -0.36431283110251284 -1.1082145943657853 0.77088882947224469 -0.5303652644155108 0.70902248424858239 -0.97240688427139887 -0.28548479750330402 -0.17477011781203072 -0.40060454635554255 -0.24524494605280339 
var AutoC1-7 3 2 2 5
2.1611824027287625 1.0017920360382702 1.0017920360382702 2.8567737879560213 -1.0068115880748381 1.46067239424219 -1.5567755442539457 1.121849413389971 -1.2675766047890855 -0.27313206765308545 -0.60718805183752134 -1.8470243239429756 1.9272220736806118 -1.3259131610387769 1.7725562106214559 -2.4310172106784971 -1.42742398751652 -0.87385058906015356 -2.0030227317777127 -1.226224730264017 
var X1-7 2 2 5
1.9693993882224867 1.6611153998684167 -0.29834646169179202 2.8182676154187467 2.9038570417150837 2.9240537615679858 2.3714088852687754 0.22834222703264428 -0.72442567973096872 -1.5454438627380616 
var E1-7 2 2 5
2.5746631584531738 2.2663791700991038 -1.1065316717161409 2.0100824053943978 2.5507040698352585 2.5709007896881606 1.2587525119815559 -0.88431414625457494 -1.5257805046523198 -2.3467986876594127 
var X01-7 2 2 5
-2 -1 0 1 2.5870014463376703 2.6071981661905723 2.5272549054976485 0.3841882472615179 -0.72442567973096872 -1.5454438627380616 
var E01-7 2 2 5
-2.2805240534549323 -1.2805240534549314 0.73100546798349508 1.7310054679834945 2.5507040698352585 2.5709007896881606 1.2587525119815559 -0.88431414625457494 -1.5257805046523198 -2.3467986876594127 
var Xmu1-7 2 2 5
2.0693993882224868 1.8611153998684167 -0.19834646169179201 3.0182676154187469 3.0038570417150838 3.124053761567986 2.4714088852687754 0.4283422270326443 -0.62442567973096874 -1.3454438627380616 
var Emu1-7 2 2 5
2.5746631584531738 2.2663791700991038 -1.1065316717161409 2.0100824053943978 2.5507040698352585 2.5709007896881606 1.2587525119815559 -0.88431414625457494 -1.5257805046523198 -2.3467986876594127 
var X0mu1-7 2 2 5
-2 -1 0 1 2.6323278170948505 2.7525245369477527 2.6073245312591804 0.56425787302304964 -0.62442567973096874 -1.3454438627380616 
var E0mu1-7 2 2 5
-2.3545884572843492 -1.4545884572843484 0.68135359679115404 1.5813535967911536 2.5507040698352585 2.5709007896881606 1.2587525119815559 -0.88431414625457494 -1.5257805046523198 -2.3467986876594127 
var p9 0
1 
var q9 0
1 
var r9 0
2 
var A9 2 2 2
0.29999999999999999 0.40000000000000002 0.10000000000000001 0.20000000000000001 
var B9 2 2 2
0.20000000000000001 0.20000000000000001 0.29999999999999999 0.29999999999999999 
var Sig9 2 2 2
2 1 1 2 
var x09 1 2
-2 -1 
var mu9 1 2
0.10000000000000001 0.20000000000000001 
var specrad-8 0
0.45615528128088306 
var acvfMaxlag-8 0
4 
var Gamma-8 3 2 2 5
3.493622448979592 2.9094387755102047 2.9094387755102047 4.463010204081634 2.0390306122448978 2.6793367346938775 2.1191326530612251 2.856377551020409 0.87964285714285695 1.3514795918367346 0.92137755102040841 1.418928571428572 0.39904081632653055 0.62215306122448977 0.41830612244897974 0.65233673469387776 0.18192755102040814 0.28404693877551018 0.19072551020408168 0.29778979591836752 
var condR-8 0
474.54325721136428 
var AutoML1-8 3 2 2 5
2.5999547887147023 1.4239620826522064 1.4239620826522064 2.8566616154669062 -0.39954167005213231 1.5504771324021125 -1.5450754397073916 0.04215685980760351 -1.3749987667975601 -0.45642409689163771 -1.1027175425599176 -1.2522443916081316 0.25723385417047451 -1.2971806049555037 0.57598656607833165 -0.94224565619432465 0.21732918832186673 0.57940620769783036 0.27156569528396979 0.72400238026139963 
var AutoC1-8 3 2 2 5
2.5999547887147023 1.4239620826522064 1.4239620826522064 2.8566616154669062 -0.49942708756516541 1.9380964155026406 -1.9313442996342394 0.052696074759504385 -2.2916646113292667 -0.7607068281527295 -1.8378625709331959 -2.0870739860135528 0.64308463542618621 -3.2429515123887591 1.4399664151958291 -2.3556141404858115 1.0866459416093337 2.897031038489152 1.3578284764198489 3.6200119013069982 
var X1-8 2 2 5
1.2670174109561791 0.6384323647324992 0.53226317076432872 3.8394222254437347 3.4760436308840221 3.9334088903577307 3.9763175411560354 2.5741961350440801 -0.08900937028116257 -0.25497618566824359 
var E1-8 2 2 5
2.5746631584531738 2.2663791700991038 -1.1065316717161409 2.0100824053943978 2.5507040698352585 2.5709007896881606 1.2587525119815559 -0.88431414625457494 -1.5257805046523198 -2.3467986876594127 
var X01-8 2 2 5
-2 -1 -2.6191998097151044 0.19741426739543422 2.1664039409353615 1.9444221065562968 3.3845269557912938 1.652542902304329 -0.35871186916456016 -0.67602306636209053 
var E01-8 2 2 5
-2.2166619498605922 -1.2311191600894835 -1.1065316717161409 2.0100824053943978 2.5507040698352585 2.5709007896881606 1.2587525119815559 -0.88431414625457494 -1.5257805046523198 -2.3467986876594127 
var Xmu1-8 2 2 5
1.3670174109561792 0.83843236473249916 0.6322631707643287 4.0394222254437349 3.5760436308840222 4.1334088903577308 4.0763175411560351 2.7741961350440802 0.010990629718837436 -0.054976185668243582 
var Emu1-8 2 2 5
2.5746631584531738 2.2663791700991038 -1.1065316717161409 2.0100824053943978 2.5507040698352585 2.5709007896881606 1.2587525119815559 -0.88431414625457494 -1.5257805046523198 -2.3467986876594127 
var X0mu1-8 2 2 5
-2 -1 -2.6016547037983768 0.28495937331216176 2.2304219833020529 2.0889491701063334 3.4681850748563052 1.8270555319610129 -0.26616317047938842 -0.48765729280474907 
var E0mu1-8 2 2 5
-2.2358288600139886 -1.3265242002647941 -1.1065316717161409 2.0100824053943978 2.5507040698352585 2.5709007896881606 1.2587525119815559 -0.88431414625457494 -1.5257805046523198 -2.3467986876594127 
var p10 0
1 
var q10 0
2 
var r10 0
2 
var A10 2 2 2
0.20000000000000001 0.20000000000000001 0.29999999999999999 0.29999999999999999 
var B10 2 2 4
0.40000000000000002 0.20000000000000001 0.10000000000000001 0.10000000000000001 0.20000000000000001 0.29999999999999999 0.10000000000000001 0.10000000000000001 
var Sig10 2 2 2
2 1 1 2 
var x010 2 2 2
-2 -1 0 1 
var mu10 1 2
0.10000000000000001 0.20000000000000001 
var specrad-9 0
0.5 
var acvfMaxlag-9 0
4 
var Gamma-9 3 2 2 5
4.6778666666666675 3.4758666666666675 3.4758666666666675 4.3738666666666663 3.3383333333333338 3.0983333333333336 2.9673333333333334 2.8873333333333333 2.0971666666666668 2.2971666666666666 1.8596666666666666 1.9596666666666667 1.1085833333333333 1.1085833333333333 0.95983333333333332 0.95983333333333332 0.55429166666666663 0.55429166666666663 0.47991666666666666 0.47991666666666666 
var condR-9 0
15447.427120042717 
var AutoML1-9 3 2 2 5
3.1297176376131279 1.1682724891714624 1.1682724891714624 2.0433908572116271 0.1941103057315261 1.8898444423220231 -1.9479749979906837 0.11895854916971593 -1.7608329906839462 -0.59826761737749867 -1.1296058746149138 -1.3760397303818162 -0.24718448508286839 -0.71396858016154008 0.67776192425504134 -0.1608786956352086 0.24904835122872462 0.23630605200583049 0.41763216239027867 0.39626444824149509 
var AutoC1-9 3 2 2 5
3.1297176376131279 1.1682724891714624 1.1682724891714624 2.0433908572116271 0.24263788216440763 2.3623055529025287 -2.4349687474883548 0.14869818646214492 -2.9347216511399101 -0.99711269562916449 -1.8826764576915229 -2.29339955063636 -0.61796121270717097 -1.7849214504038502 1.6944048106376033 -0.4021967390880215 1.2452417561436231 1.1815302600291524 2.0881608119513935 1.9813222412074756 
var X1-9 2 2 5
0.82375178308701846 0.73341256948906453 0.12650248527772234 2.5221178727084976 3.832606049256881 4.3315754192983285 4.5818199607215622 1.8179593213467649 1.118271766999055 0.30057348857917665 
var E1-9 2 2 5
2.5746631584531738 2.2663791700991038 -1.1065316717161409 2.0100824053943978 2.5507040698352585 2.5709007896881606 1.2587525119815559 -0.88431414625457494 -1.5257805046523198 -2.3467986876594127 
var X01-9 2 2 5
-2 -1 0 1 3.1124243270592995 2.6607162673341498 4.416292631305617 1.9005338584778246 1.1099386622551839 0.29224038383530559 
var E01-9 2 2 5
-1.9700738082727187 -0.78631046681232108 1.3744869937539004 1.8457126805825681 2.5507040698352585 2.5709007896881606 1.2587525119815559 -0.88431414625457494 -1.5257805046523198 -2.3467986876594127 
var Xmu1-9 2 2 5
0.92375178308701844 0.93341256948906448 0.22650248527772235 2.7221178727084978 3.9326060492568811 4.5315754192983286 4.6818199607215618 2.017959321346765 1.218271766999055 0.50057348857917661 
var Emu1-9 2 2 5
2.5746631584531738 2.2663791700991038 -1.1065316717161409 2.0100824053943978 2.5507040698352585 2.5709007896881606 1.2587525119815559 -0.88431414625457494 -1.5257805046523198 -2.3467986876594127 
var X0mu1-9 2 2 5
-2 -1 0 1 3.1155246848329008 2.7624786122383389 4.4599053011594583 2.0447936723798588 1.1819391403965624 0.46424086197668407 
var E0mu1-9 2 2 5
-1.9705110560029919 -0.8920142228582586 1.3809584342358259 1.7574087478973606 2.5507040698352585 2.5709007896881606 1.2587525119815559 -0.88431414625457494 -1.5257805046523198 -2.3467986876594127 
var p11 0
1 
var q11 0
0 
var r11 0
3 
var A11 2 3 3
0.34999999999999998 0.25 0.14999999999999999 0.14999999999999999 0.14999999999999999 0.050000000000000003 0.14999999999999999 0.050000000000000003 0.01 
var B11 2 0 0

var Sig11 2 3 3
2 0.5 0 0.5 2 0.5 0 0.5 1 
var x011 1 3
-2 -1 0 
var mu11 1 3
0.10000000000000001 0.20000000000000001 0.29999999999999999 
var specrad-10 0
0.51555977582067458 
var acvfMaxlag-10 0
4 
var Gamma-10 3 3 3 5
2.529308283138417 0.89160900201424054 0.1982638964130547 0.89160900201424054 2.2939417749419291 0.64837476167569774 0.1982638964130547 0.64837476167569774 1.0773693292220199 1.0487388338625401 0.77598161590739312 0.42595933153560511 0.75341063119762819 0.59941225482863436 0.25492218666598948 0.32825397737922679 0.20069065481571932 0.072932015837963285 0.54734973396833875 0.39987991742852419 0.20036949919010674 0.39184388714336343 0.29101060535700163 0.14553142928773585 0.15593229268078176 0.11581369335906275 0.060001949506049618 0.2816098193817132 0.20683789606586864 0.10410015095857808 0.20262666569688781 0.14888913405377788 0.07478242763223196 0.080948648868040457 0.05935522464935733 0.029780548065130898 0.14520414383726665 0.1066331468032375 0.053624369220136199 0.10447006724681221 0.076729157913900239 0.038586280833544387 0.041702393010987396 0.030629473317670255 0.015407864043325245 
var condR-10 0
488.71402210635478 
var AutoML1-10 3 3 3 5
7.4851508765111756 4.6329463608066934 1.7433079374177141 4.6329463608066934 4.2927142949092554 1.1396378010462431 1.7433079374177141 1.1396378010462431 0.94381186448254262 2.8444799288470399 2.2937111333267479 0.21893467880272582 1.6245450156575991 0.35159708834913184 -0.56651295541640045 1.0552440795270008 0.95196953736165923 -0.03121895349105256 -2.0428278549440106 0.099922971679063458 -1.6280879081649644 -1.6291113624694404 0.19880637148399857 -0.42493091774062003 -0.31614802878847642 0.032416331877930873 -0.4372847481734497 -3.0057707499180837 -3.202018388238693 -1.0076852918402861 -1.7472357768472055 -1.9991752055457925 -0.88486518990658636 -0.62514341076161473 -0.64686673047430454 -0.16815659322678564 -1.538456762240533 -1.0067408459313438 0.85576582224310838 -1.0660191079834211 -0.69758540174196582 0.59297260791503992 -0.29618787843520744 -0.19382048466296159 0.16475436265001658 
var AutoC1-10 3 3 3 5
7.4851508765111756 4.6329463608066934 1.7433079374177141 4.6329463608066934 4.2927142949092554 1.1396378010462431 1.7433079374177141 1.1396378010462431 0.94381186448254262 3.5555999110587999 2.8671389166584351 0.27366834850340727 2.0306812695719989 0.43949636043641482 -0.7081411942705006 1.3190550994087511 1.189961921702074 -0.039023691863815699 -3.4047130915733512 0.16653828613177243 -2.7134798469416075 -2.7151856041157338 0.33134395247333098 -0.70821819623436666 -0.52691338131412735 0.054027219796551451 -0.72880791362241615 -7.514426874795209 -8.0050459705967327 -2.519213229600715 -4.3680894421180136 -4.9979380138644816 -2.212162974766466 -1.5628585269040367 -1.6171668261857612 -0.42039148306696411 -7.6922838112026648 -5.0337042296567196 4.2788291112155417 -5.3300955399171057 -3.4879270087098289 2.9648630395751994 -1.4809393921760372 -0.969102423314808 0.82377181325008286 
var X1-10 2 3 5
3.628425763829616 2.498005334066423 -0.10436908195549249 4.5888940493847379 4.4862722814203853 2.3114779675013377 3.8845279666044723 0.55806906277489321 1.6558361688059478 0.17851114747197383 1.1632034397594764 0.36250239934850031 -2.606915679827372 -1.7572922419890467 -0.036590652375910568 
var E1-10 2 3 5
2.5746631584531738 1.7382742728124692 -0.4365127246469131 2.9598995942277329 3.2096834944507924 1.6433575270431289 1.2587525119815559 -1.3776691901594158 0.7200736676522046 -1.5131594255767176 0.025569280251826896 -0.26463861046897458 -2.8982504573087593 -1.9945256647883867 -0.12515252047816547 
var X01-10 2 3 5
-2 -1 0 2.1098995942277328 2.5596834944507925 1.293357527043129 2.5751735231853505 -0.40157389108270736 1.1774763567793354 -0.4954633226073506 0.66800039522472521 0.11333348702248597 -2.9544625378842504 -2.0125247618053912 -0.16493866423780695 
var E01-10 2 3 5
-0.67646734631773286 -0.041285215467222303 0.4317585319475174 2.9598995942277329 3.2096834944507924 1.6433575270431289 1.2587525119815559 -1.3776691901594158 0.7200736676522046 -1.5131594255767176 0.025569280251826896 -0.26463861046897458 -2.8982504573087593 -1.9945256647883867 -0.12515252047816547 
var Xmu1-10 2 3 5
3.7284257638296161 2.6980053340664232 0.1956309180445075 4.6888940493847375 4.6862722814203854 2.6114779675013375 3.9845279666044724 0.75806906277489317 1.9558361688059478 0.27851114747197381 1.3632034397594763 0.6625023993485003 -2.506915679827372 -1.5572922419890467 0.26340934762408941 
var Emu1-10 2 3 5
2.5746631584531738 1.7382742728124692 -0.4365127246469131 2.9598995942277329 3.2096834944507924 1.6433575270431289 1.2587525119815559 -1.3776691901594158 0.7200736676522046 -1.5131594255767176 0.025569280251826896 -0.26463861046897458 -2.8982504573087593 -1.9945256647883867 -0.12515252047816547 
var X0mu1-10 2 3 5
-2 -1 0 2.099899594227733 2.6896834944507924 1.565357527043129 2.6219735231853503 -0.24097389108270734 1.4571963567793353 -0.42303532260735088 0.84777639522472503 0.40318068702248588 -2.8686692578842505 -1.8229590018053912 0.12981280776219301 
var E0mu1-10 2 3 5
-0.71200336473779346 -0.19311572046700765 0.15675932321452762 2.9598995942277329 3.2096834944507924 1.6433575270431289 1.2587525119815559 -1.3776691901594158 0.7200736676522046 -1.5131594255767176 0.025569280251826896 -0.26463861046897458 -2.8982504573087593 -1.9945256647883867 -0.12515252047816547 
var p12 0
0 
var q12 0
1 
var r12 0
3 
var A12 2 0 0

var B12 2 3 3
0.34999999999999998 0.25 0.14999999999999999 0.25 0.14999999999999999 0.050000000000000003 0.14999999999999999 0.050000000000000003 0.01 
var Sig12 2 3 3
2 0.5 0 0.5 2 0.5 0 0.5 1 
var x012 1 3
-2 -1 0 
var mu12 1 3
0.10000000000000001 0.20000000000000001 0.29999999999999999 
var specrad-11 0
0 
var acvfMaxlag-11 0
4 
var Gamma-11 3 3 3 5
2.5175000000000001 0.83250000000000002 0.16400000000000001 0.83250000000000002 2.2174999999999998 0.60999999999999999 0.16400000000000001 0.60999999999999999 1.0581 0.82499999999999996 0.57499999999999996 0.32500000000000001 0.75 0.45000000000000001 0.17999999999999999 0.27500000000000002 0.125 0.035000000000000003 0 0 0 0 0 0 0 0 0 0 0 0 0 0 0 0 0 0 0 0 0 0 0 0 0 0 0 
var condR-11 0
3721.0148059771641 
var AutoML1-11 3 3 3 5
9.5206033661856821 5.6679159629388156 2.1309095775281341 5.6679159629388156 4.9286412826043362 1.3272641390513027 2.1309095775281341 1.3272641390513027 0.97050046466654716 3.9807110800582315 3.3619132814730874 0.47501792653762631 2.3746456998534353 0.96774282377255361 -0.40404604441113684 1.3695034792381595 1.2380971649790922 0.038274232063037504 -2.5216777196093845 -0.18244315242052683 -1.8397247985111396 -2.1470405520239408 -0.13031910331218874 -0.57896208939008464 -0.42473784360401778 -0.045947529014221743 -0.47122315492876721 -4.0056381965997527 -3.891369522390673 -1.0999168761238645 -2.2101133356920544 -2.3033308730857929 -0.90310360200246398 -0.86493950226468408 -0.81177753037320299 -0.18350267845789014 -2.2136968469419354 -1.4708409184604003 0.68061796661143259 -1.5026674632777439 -0.99841348867673985 0.46200656370907495 -0.42672992941164656 -0.28353107254835924 0.13120136899034632 
var AutoC1-11 3 3 3 5
9.5206033661856821 5.6679159629388156 2.1309095775281341 5.6679159629388156 4.9286412826043362 1.3272641390513027 2.1309095775281341 1.3272641390513027 0.97050046466654716 4.9758888500727894 4.2023916018413594 0.59377240817203292 2.968307124816794 1.209678529715692 -0.50505755551392106 1.7118793490476993 1.5476214562238653 0.047842790078796882 -4.202796199348974 -0.30407192070087802 -3.0662079975185659 -3.5784009200399018 -0.21719850552031458 -0.964936815650141 -0.70789640600669623 -0.076579215023702907 -0.78537192488127872 -10.014095491499383 -9.7284238059766821 -2.7497921903096612 -5.5252833392301355 -5.7583271827144822 -2.25775900500616 -2.1623487556617103 -2.0294438259330074 -0.45875669614472536 -11.068484234709677 -7.3542045923020014 3.4030898330571628 -7.5133373163887196 -4.9920674433836991 2.3100328185453747 -2.1336496470582329 -1.4176553627417963 0.65600684495173156 
var X1-11 2 3 5
3.6166053268822416 2.3886714668467315 -0.15593579438890481 4.2301233591924241 4.0922647887536101 2.1121055872052592 3.34364187263043 -0.074073891082707233 1.3409763567793354 -1.3090022937751962 0.16961071310591375 -0.13750845650318994 -3.461159727768 -2.3822120596682406 -0.35349435640677151 
var E1-11 2 3 5
2.5746631584531738 1.7382742728124692 -0.4365127246469131 2.9598995942277329 3.2096834944507924 1.6433575270431289 1.2587525119815559 -1.3776691901594158 0.7200736676522046 -1.5131594255767176 0.025569280251826896 -0.26463861046897458 -2.8982504573087593 -1.9945256647883867 -0.12515252047816547 
var X01-11 2 3 5
-2 -1 0 2.7348101947543229 3.0328274402498021 1.5367574813454192 3.34364187263043 -0.074073891082707233 1.3409763567793354 -1.3090022937751962 0.16961071310591375 -0.13750845650318994 -3.461159727768 -2.3822120596682406 -0.35349435640677151 
var E01-11 2 3 5
-0.67801597574259176 -0.17136186416261867 0.36704438718101273 2.9598995942277329 3.2096834944507924 1.6433575270431289 1.2587525119815559 -1.3776691901594158 0.7200736676522046 -1.5131594255767176 0.025569280251826896 -0.26463861046897458 -2.8982504573087593 -1.9945256647883867 -0.12515252047816547 
var Xmu1-11 2 3 5
3.7166053268822417 2.5886714668467317 0.14406420561109518 4.3301233591924237 4.2922647887536103 2.412105587205259 3.4436418726304301 0.12592610891729278 1.6409763567793354 -1.2090022937751961 0.36961071310591376 0.16249154349681005 -3.3611597277679999 -2.1822120596682404 -0.053494356406771526 
var Emu1-11 2 3 5
2.5746631584531738 1.7382742728124692 -0.4365127246469131 2.9598995942277329 3.2096834944507924 1.6433575270431289 1.2587525119815559 -1.3776691901594158 0.7200736676522046 -1.5131594255767176 0.025569280251826896 -0.26463861046897458 -2.8982504573087593 -1.9945256647883867 -0.12515252047816547 
var X0mu1-11 2 3 5
-2 -1 0 2.7375963063746211 3.1840063683008668 1.8195297452654489 3.4436418726304301 0.12592610891729278 1.6409763567793354 -1.2090022937751961 0.36961071310591376 0.16249154349681005 -3.3611597277679999 -2.1822120596682404 -0.053494356406771526 
var E0mu1-11 2 3 5
-0.72032579146713782 -0.33298887004905353 0.087053044484332182 2.9598995942277329 3.2096834944507924 1.6433575270431289 1.2587525119815559 -1.3776691901594158 0.7200736676522046 -1.5131594255767176 0.025569280251826896 -0.26463861046897458 -2.8982504573087593 -1.9945256647883867 -0.12515252047816547 
var p13 0
3 
var q13 0
3 
var r13 0
3 
var A13 2 3 9
0.14999999999999999 0.16 0.17000000000000001 0.10000000000000001 0.11 0.12 0.050000000000000003 0.059999999999999998 0.070000000000000007 0.11 0.12 0.13 0.14000000000000001 0.14999999999999999 0.16 0.17000000000000001 0.17999999999999999 0.19 0.01 0.02 0.029999999999999999 0.040000000000000001 0.050000000000000003 0.059999999999999998 0.059999999999999998 0.080000000000000002 0.089999999999999997 
var B13 2 3 9
0.059999999999999998 0.080000000000000002 0.089999999999999997 0.040000000000000001 0.050000000000000003 0.059999999999999998 0.01 0.02 0.029999999999999999 0.17000000000000001 0.17999999999999999 0.19 0.14000000000000001 0.14999999999999999 0.16 0.11 0.12 0.13 0.050000000000000003 0.059999999999999998 0.070000000000000007 0.10000000000000001 0.11 0.12 0.14999999999999999 0.16 0.17000000000000001 
var Sig13 2 3 3
2 0.5 0 0.5 2 0.5 0 0.5 1 
var x013 2 3 3
-2 -1 0 1 2 -2 -1 0 1 
var mu13 1 3
0.10000000000000001 0.20000000000000001 0.29999999999999999 
var specrad-12 0
0.96021364229517592 
var acvfMaxlag-12 0
4 
var Gamma-12 3 3 3 5
10.423834393101744 9.9226715079324688 10.319480601551035 9.9226715079324688 12.54194887233751 12.046596086748345 10.319480601551035 12.046596086748345 13.648044097579156 8.6905202150233585 9.745839593825437 10.680497894643631 9.597143352984487 10.764675199394441 11.814485297320354 10.192744034927319 11.430524702452836 12.544777428737049 8.6801499613488957 9.7000599197882966 10.618042437878426 9.7359282165613816 10.878519061709813 11.906804659833714 10.066107798388545 11.272174848402884 12.352794124129854 8.2093040572940126 9.2253098285604551 10.138120793811389 9.3384846041125744 10.481038287528284 11.50312601007651 9.7128021212159563 10.903014999420918 11.95674743665009 7.8962933896806593 8.8599768156488334 9.7168552626705722 8.8775619438512425 9.9559088437196603 10.916110890614876 9.2422456018298185 10.372010251060443 11.376327126003698 
var condR-12 0
24104679.965925395 
var AutoML1-12 3 3 3 5
1.9473297777126841 0.67756067251670016 -0.37846395184725701 0.67756067251670016 1.6933053241915417 0.34130522535667895 -0.37846395184725701 0.34130522535667895 2.4288283837416773 0.52293521881642102 -0.35000767395329901 -1.5389958089613163 0.17787045575833008 -1.3405977270517684 -1.1204968781297169 0.5088861845564544 0.2233022193363528 0.38786918130754611 -0.6438433774081731 0.299094632669061 -1.1913367018005181 0.035506170751731812 0.95016895208289009 0.52075914919948896 0.58291402650652624 0.1282101803770998 -0.41262641428457536 -0.72597132385869112 -0.7979401149548162 0.21774745848900828 -0.29134199992376153 -0.61863353075881089 -0.86213381457374183 0.27798716659121536 0.099350423849933936 -0.73947738400104879 -0.12678540640589891 0.31469087243929295 1.4827686350377538 -0.065433015303239264 0.16240964363191829 0.76524598167849089 0.038492991428133505 -0.095542487094586931 -0.45017957489276073 
var AutoC1-12 3 3 3 5
1.9473297777126841 0.67756067251670016 -0.37846395184725701 0.67756067251670016 1.6933053241915417 0.34130522535667895 -0.37846395184725701 0.34130522535667895 2.4288283837416773 0.65366902352052625 -0.43750959244162374 -1.9237447612016454 0.22233806969791259 -1.6757471588147104 -1.400621097662146 0.63610773069556803 0.27912777417044099 0.48483647663443263 -1.0730722956802885 0.49849105444843494 -1.9855611696675302 0.059176951252886356 1.5836149201381502 0.86793191533248171 0.97152337751087714 0.21368363396183301 -0.68771069047429234 -1.8149283096467279 -1.9948502873870404 0.54436864622252068 -0.72835499980940388 -1.5465838268970273 -2.1553345364343546 0.69496791647803835 0.24837605962483483 -1.8486934600026219 -0.63392703202949452 1.5734543621964647 7.4138431751887692 -0.32716507651619631 0.81204821815959138 3.8262299083924547 0.19246495714066753 -0.47771243547293468 -2.2508978744638037 
var X1-12 2 3 5
6.7784757609203048 6.426812349063419 4.6735358367173019 7.9546094594362859 8.8058733953611181 7.7774015297821801 7.7076301593277217 5.8457848464789102 8.6462770941973233 6.0931451599189721 8.4602659766654966 8.939127313375689 4.0666218258968057 5.8019088772986906 8.4402018594483685 
var E1-12 2 3 5
2.5746631584531738 1.7382742728124692 -0.4365127246469131 2.9598995942277329 3.2096834944507924 1.6433575270431289 1.2587525119815559 -1.3776691901594158 0.7200736676522046 -1.5131594255767176 0.025569280251826896 -0.26463861046897458 -2.8982504573087593 -1.9945256647883867 -0.12515252047816547 
var X01-12 2 3 5
-2 -1 0 1 2 -2 -1 0 1 -0.61061750793250935 0.95584780778582634 0.7061768895887337 -2.728880499010236 -1.8148761431317801 0.099908158792291674 
var E01-12 2 3 5
-0.53299091356902084 0.61295575726170592 1.7317950809412861 2.244349610036168 3.3792093817951057 -0.49680619539677129 -1.2800362633917142 -0.30011574506535549 0.69533653975943599 -1.5131594255767176 0.025569280251826896 -0.26463861046897458 -2.8982504573087593 -1.9945256647883867 -0.12515252047816547 
var Xmu1-12 2 3 5
6.8784757609203044 6.6268123490634192 4.9735358367173017 8.0546094594362856 9.0058733953611174 8.0774015297821808 7.8076301593277213 6.0457848464789103 8.946277094197324 6.1931451599189717 8.6602659766654959 9.2391273133756897 4.1666218258968053 6.0019088772986908 8.7402018594483692 
var Emu1-12 2 3 5
2.5746631584531738 1.7382742728124692 -0.4365127246469131 2.9598995942277329 3.2096834944507924 1.6433575270431289 1.2587525119815559 -1.3776691901594158 0.7200736676522046 -1.5131594255767176 0.025569280251826896 -0.26463861046897458 -2.8982504573087593 -1.9945256647883867 -0.12515252047816547 
var X0mu1-12 2 3 5
-2 -1 0 1 2 -1.9999999999999998 -1 0 1 -0.67082825595129225 0.97545780406538407 0.80797120705840952 -2.8050310323195866 -1.811630532391413 0.18554991358237621 
var E0mu1-12 2 3 5
-0.44244721269752596 0.62710978756145141 1.6671086295406159 2.33165829750972 3.3880818580779222 -0.56767757315814094 -1.216393952569526 -0.31519462680375354 0.59988416392195587 -1.5131594255767176 0.025569280251826896 -0.26463861046897458 -2.8982504573087593 -1.9945256647883867 -0.12515252047816547 
var p14 0
3 
var q14 0
3 
var r14 0
3 
var A14 2 3 9
0.059999999999999998 0.080000000000000002 0.089999999999999997 0.040000000000000001 0.050000000000000003 0.059999999999999998 0.01 0.02 0.029999999999999999 0.18000000000000002 0.19 0.20000000000000001 0.15000000000000002 0.16 0.17000000000000001 0.12 0.13 0.14000000000000001 0.060000000000000005 0.069999999999999993 0.080000000000000002 0.11 0.12 0.13 0.16 0.17000000000000001 0.18000000000000002 
var B14 2 3 9
0.14999999999999999 0.16 0.17000000000000001 0.10000000000000001 0.11 0.12 0.050000000000000003 0.059999999999999998 0.070000000000000007 0.11 0.12 0.13 0.14000000000000001 0.14999999999999999 0.16 0.17000000000000001 0.17999999999999999 0.19 0.01 0.02 0.029999999999999999 0.040000000000000001 0.050000000000000003 0.059999999999999998 0.059999999999999998 0.080000000000000002 0.089999999999999997 
var Sig14 2 3 3
2 0.5 0 0.5 2 0.5 0 0.5 1 
var x014 2 3 3
-2 -1 0 1 2 -2 -1 0 1 
var mu14 1 3
0.10000000000000001 0.20000000000000001 0.29999999999999999 
var specrad-13 0
0.99328975475285142 
var acvfMaxlag-13 0
4 
var Gamma-13 3 3 3 5
37.058240502720501 39.465118027905099 42.514450235257137 39.465118027905099 45.309416432070115 47.75590828088248 42.514450235257137 47.75590828088248 52.563194577685373 35.337557783255804 39.299767535264927 42.886883882246842 39.157380546785284 43.548495341408135 47.540086955751939 42.410524089498821 47.160918380218448 51.480948168585499 35.345647211596265 39.27034759329073 42.840372397152635 39.346093700066035 43.709123373950831 47.678979242367774 42.388122601106623 47.100466469388735 51.386805096775866 34.929077508418267 38.847717832221136 42.412901683908032 38.979221797851693 43.342788753864227 47.307894772876111 42.121047996624682 46.817542601629739 51.080155980623729 34.772525022406263 38.633518531763997 42.145221266037538 38.651877920225395 42.94777078305313 46.853871427902355 41.741398968057155 46.382074761867919 50.60154007571245 
var condR-13 0
110459247.15515995 
var AutoML1-13 3 3 3 5
2.1630810557369151 0.79329815075847576 -0.36607517485995283 0.79329815075847576 1.7208765846285263 0.28491532557479449 -0.36607517485995283 0.28491532557479449 2.3057805044649786 0.61177695263815435 -0.29912506537710015 -1.5708457095866115 0.2382170716403274 -1.30528595382403 -1.1494829762818868 0.5400657697597756 0.23360446264560225 0.33763763364789823 -0.69806668307728192 0.28863342480736309 -1.2553884406919233 -0.02189919354618932 0.93543578431994534 0.44930287663318857 0.5824332089355676 0.16525153438241053 -0.43614599043428104 -0.81298247942777058 -0.8694494301220802 0.2297659185328135 -0.32304445202918097 -0.64671840652627355 -0.82073559750877645 0.27268250698372987 0.091003968885634265 -0.68446482257655317 -0.18226831800155957 0.29112122625782033 1.5230940284575629 -0.097751732389436088 0.156130283716095 0.81684563453566239 0.044267892469038353 -0.070705228866628944 -0.36991707286955339 
var AutoC1-13 3 3 3 5
2.1630810557369151 0.79329815075847576 -0.36607517485995283 0.79329815075847576 1.7208765846285263 0.28491532557479449 -0.36607517485995283 0.28491532557479449 2.3057805044649786 0.76472119079769296 -0.37390633172137522 -1.9635571369832645 0.29777133955040924 -1.6316074422800375 -1.4368537203523586 0.67508221219971953 0.2920055783070028 0.42204704205987281 -1.1634444717954697 0.48105570801227177 -2.0923140678198724 -0.036498655910315536 1.5590596405332422 0.748838127721981 0.97072201489261267 0.27541922397068419 -0.72690998405713503 -2.0324561985694265 -2.1736235753052005 0.57441479633203374 -0.80761113007295238 -1.6167960163156838 -2.0518389937719412 0.68170626745932461 0.22750992221408567 -1.711162056441383 -0.91134159000779791 1.4556061312891015 7.6154701422878146 -0.48875866194718043 0.78065141858047504 4.0842281726783121 0.22133946234519178 -0.35352614433314472 -1.8495853643477669 
var X1-13 2 3 5
11.150637947566015 11.256102925967895 9.9243245872081154 12.303212270255077 13.613008705459233 13.002488404916177 12.024020663811172 10.644270804870825 13.878637761808722 10.295220584150954 13.150696633207918 14.061361006323896 8.2154674475725944 10.43492587804697 13.500646879199254 
var E1-13 2 3 5
2.5746631584531738 1.7382742728124692 -0.4365127246469131 2.9598995942277329 3.2096834944507924 1.6433575270431289 1.2587525119815559 -1.3776691901594158 0.7200736676522046 -1.5131594255767176 0.025569280251826896 -0.26463861046897458 -2.8982504573087593 -1.9945256647883867 -0.12515252047816547 
var X01-13 2 3 5
-2 -1 0 1 2 -2 -1 0 1 -0.9859560330808127 0.60150001527927466 0.35251866630156292 -3.1931640285197114 -2.2702758775507235 -0.36642136091134558 
var E01-13 2 3 5
-0.49785712198414001 0.63812787723832165 1.7500800788453261 2.2108806331300292 3.3388795638286037 -0.54584535497326192 -1.2447695509435031 -0.26273448312428072 0.73589253229188134 -1.5131594255767176 0.025569280251826896 -0.26463861046897458 -2.8982504573087593 -1.9945256647883867 -0.12515252047816547 
var Xmu1-13 2 3 5
11.250637947566014 11.456102925967894 10.224324587208116 12.403212270255077 13.813008705459232 13.302488404916177 12.124020663811171 10.844270804870824 14.178637761808723 10.395220584150954 13.350696633207917 14.361361006323897 8.315467447572594 10.634925878046969 13.800646879199254 
var Emu1-13 2 3 5
2.5746631584531738 1.7382742728124692 -0.4365127246469131 2.9598995942277329 3.2096834944507924 1.6433575270431289 1.2587525119815559 -1.3776691901594158 0.7200736676522046 -1.5131594255767176 0.025569280251826896 -0.26463861046897458 -2.8982504573087593 -1.9945256647883867 -0.12515252047816547 
var X0mu1-13 2 3 5
-2 -1 0 1 2 -1.9999999999999998 -1 0 1 -1.0590316240015683 0.60967868321305918 0.44348069404777474 -3.2855106019865228 -2.2827396750005273 -0.29659331196160371 
var E0mu1-13 2 3 5
-0.39552066147725784 0.66391795856759606 1.6971699830565785 2.3029515746511833 3.351472749545493 -0.6136768023063438 -1.1756524747095467 -0.27356462193733305 0.64389245016135399 -1.5131594255767176 0.025569280251826896 -0.26463861046897458 -2.8982504573087593 -1.9945256647883867 -0.12515252047816547 
var p15 0
0 
var q15 0
2 
var r15 0
3 
var A15 2 0 0

var B15 2 3 6
0.34999999999999998 0.25 0.14999999999999999 0.25 0.14999999999999999 0.050000000000000003 0.14999999999999999 0.050000000000000003 0.01 0.11 0.12 0.13 0.14000000000000001 0.14999999999999999 0.16 0.17000000000000001 0.17999999999999999 0.19 
var Sig15 2 3 3
2 0.5 0 0.5 2 0.5 0 0.5 1 
var x015 2 3 2
-2 -1 0 1 2 -2 
var mu15 1 3
0.10000000000000001 0.20000000000000001 0.29999999999999999 
var specrad-14 0
0 
var acvfMaxlag-14 0
4 
var Gamma-14 3 3 3 5
2.649 0.97350000000000003 0.3145 0.97350000000000003 2.3686999999999996 0.77139999999999997 0.3145 0.77139999999999997 1.2303999999999999 1.0674999999999999 0.83599999999999985 0.60450000000000004 0.89749999999999996 0.60899999999999999 0.35049999999999998 0.34190000000000004 0.1973 0.11270000000000001 0.29000000000000004 0.315 0.34000000000000002 0.42000000000000004 0.44999999999999996 0.47999999999999998 0.24000000000000002 0.255 0.27000000000000002 0 0 0 0 0 0 0 0 0 0 0 0 0 0 0 0 0 0 
var condR-14 0
2705534333686675 
var AutoML1-14 3 3 3 5
9.3730737904463943 5.7067825105472938 2.1618211355058952 5.7067825105472938 5.1569322629646894 1.5329409553659687 2.1618211355058952 1.5329409553659687 1.1510503634918698 3.588865009029425 2.4365364315803508 -0.29271312496550228 2.2090438043724268 0.25039526761121433 -0.93153711100825376 1.6205235998690803 0.90667001997570706 -0.062266372425098734 -2.4229867191175107 0.17502260688749577 -1.8467397590218944 -1.8710143676590896 0.41342316812388374 -0.40783572672625856 -0.21596579527758702 0.45291906788061792 -0.37672428601425845 -3.7744122221456813 -3.7780128120314864 -1.1468773858792531 -2.1076194270784354 -2.3222789471178533 -1.0936206384100129 -0.77067161613992075 -0.85218709128469006 -0.40633609877795857 -2.0780029629894297 -1.2989176759895211 1.0332367181472404 -1.4718210706290349 -0.92000562009958953 0.731827432300171 -0.5426137722380584 -0.33917690809324952 0.26980157547138078 
var AutoC1-14 3 3 3 5
9.3730737904463943 5.7067825105472938 2.1618211355058952 5.7067825105472938 5.1569322629646894 1.5329409553659687 2.1618211355058952 1.5329409553659687 1.1510503634918698 4.4860812612867811 3.0456705394754384 -0.36589140620687788 2.7613047554655332 0.31299408451401789 -1.1644213887603172 2.0256544998363504 1.1333375249696338 -0.077832965531373421 -4.0383111985291844 0.29170434481249297 -3.0778995983698239 -3.118357279431816 0.68903861353980622 -0.67972621121043098 -0.35994299212931175 0.75486511313436322 -0.62787381002376408 -9.4360305553642032 -9.4450320300787158 -2.8671934646981327 -5.2690485676960881 -5.8056973677946333 -2.734051596025032 -1.9266790403498018 -2.130467728211725 -1.0158402469448964 -10.390014814947149 -6.4945883799476052 5.1661835907362015 -7.3591053531451749 -4.6000281004979477 3.6591371615008548 -2.7130688611902918 -1.6958845404662475 1.3490078773569039 
var X1-14 2 3 5
3.7415017545181257 2.5755259800335204 0.043288336959692308 4.6229042755279988 4.5185406162521335 2.5718763258666986 3.7960060550640495 0.41705453841709961 1.8708690333453295 -0.25468686958970266 1.3020555434486236 1.0730657799967367 -3.393158114571472 -2.3081988765769696 -0.27346960342075688 
var E1-14 2 3 5
2.5746631584531738 1.7382742728124692 -0.4365127246469131 2.9598995942277329 3.2096834944507924 1.6433575270431289 1.2587525119815559 -1.3776691901594158 0.7200736676522046 -1.5131594255767176 0.025569280251826896 -0.26463861046897458 -2.8982504573087593 -1.9945256647883867 -0.12515252047816547 
var X01-14 2 3 5
-2 -1 0 1 2 -2 2.3982935072812399 -0.53158224150029754 1.1972426545784436 -0.97515888657681216 0.533361939743772 0.25615058957414255 -3.393158114571472 -2.3081988765769696 -0.27346960342075688 
var E01-14 2 3 5
-0.31820355743930262 0.19146997118007375 0.68914836167697735 1.5711369136033029 2.6773769485493566 -1.2577319182052307 1.2587525119815559 -1.3776691901594158 0.7200736676522046 -1.5131594255767176 0.025569280251826896 -0.26463861046897458 -2.8982504573087593 -1.9945256647883867 -0.12515252047816547 
var Xmu1-14 2 3 5
3.8415017545181258 2.7755259800335206 0.3432883369596923 4.7229042755279984 4.7185406162521337 2.8718763258666984 3.8960060550640496 0.61705453841709956 2.1708690333453293 -0.15468686958970265 1.5020555434486236 1.3730657799967367 -3.2931581145714719 -2.1081988765769695 0.02653039657924311 
var Emu1-14 2 3 5
2.5746631584531738 1.7382742728124692 -0.4365127246469131 2.9598995942277329 3.2096834944507924 1.6433575270431289 1.2587525119815559 -1.3776691901594158 0.7200736676522046 -1.5131594255767176 0.025569280251826896 -0.26463861046897458 -2.8982504573087593 -1.9945256647883867 -0.12515252047816547 
var X0mu1-14 2 3 5
-2 -1 0 1 2 -1.9999999999999998 2.3736925018163109 -0.42243937619180222 1.4253543429165014 -0.93475808028784224 0.67003951284147578 0.48910492948057965 -3.2931581145714719 -2.1081988765769695 0.02653039657924311 
var E0mu1-14 2 3 5
-0.30728912700633815 0.07395554677566385 0.44690224172436999 1.5740170856489479 2.5484242531080903 -1.5039827139362523 1.2587525119815559 -1.3776691901594158 0.7200736676522046 -1.5131594255767176 0.025569280251826896 -0.26463861046897458 -2.8982504573087593 -1.9945256647883867 -0.12515252047816547 
var p16 0
4 
var q16 0
0 
var r16 0
5 
var A16 2 5 20
0.029866779238362243 0.045767721639413589 0.020653525815134667 0.029457871939297855 0.015768111450540356 0.024338278246657755 0.043440600632941043 0.011193516661080906 0.031237139033103545 0.018651870900374689 0.010167853539438922 0.035548474635649509 0.0073749538359229819 0.010967210145852758 0.048339373060385965 0.012223082395485441 0.019782898233744052 0.041614312776475475 0.035012165730330683 0.048200599716929762 0.027938577153282709 0.018916185682684352 0.016803682560556279 0.01445071836043408 0.008632896725947815 0.025508911738459719 0.033576924359918957 0.0022855333137135172 0.01057015898518261 0.034375782576376211 0.026236634449043707 0.012561514006513553 0.044813262387818922 0.034674431495141989 0.010014700811781753 0.025357323584458483 0.022276002247084925 0.0039271090152616095 0.047737862462702396 0.0020672243106592326 0.0066161277156683747 0.046114002022516691 0.044968426665100328 0.026052159010534471 0.027843744592905839 0.012921088909862023 0.034285240517516094 0.033239375943243714 0.029616453822311307 0.049149255131118723 0.019772996999237492 0.029269582984987663 0.014662017604043499 0.019352295391349052 0.0021847848047389928 0.035082227448929006 0.0083614514961684924 0.033144186366803545 0.011644456659919611 0.037069863162477977 0.046946810414205078 0.029288375167250049 0.013424728815943443 0.049944156172692801 0.030646315681886051 0.0049340779072544862 0.0135563768856517 0.0050082710236280309 0.040281016927674808 0.03845636696540914 0.040163398326416369 0.037351794778363381 0.046378101468597478 0.043040374109322758 0.027343290728774852 0.022852656355133429 0.047997030834325209 0.038049198537392796 0.04319837817973346 0.034764759635954955 0.018499369866245074 0.015177765971428238 0.032803604947918133 0.040528310714936122 0.014045478187480099 0.04668970859843681 0.020444817674266438 0.015345780139988175 0.00071086194620593188 0.032390290582003649 0.037514855780404859 0.0034598438245134091 0.02198739345546721 0.045823445106774344 0.022537990340149451 0.00057652112443760115 0.01261304387327088 0.04765712983791312 0.015856508643727219 0.049931809535132515 
var B16 2 0 0

var Sig16 2 5 5
2 0.5 0.33333333333333331 0.25 0.20000000000000001 0.5 1.3333333333333333 0.25 0.20000000000000001 0.16666666666666666 0.33333333333333331 0.25 1.2 0.16666666666666666 0.14285714285714285 0.25 0.20000000000000001 0.16666666666666666 1.1428571428571428 0.125 0.20000000000000001 0.16666666666666666 0.14285714285714285 0.125 1.1111111111111112 
var x016 2 5 4
-2 -1 0 1 2 -2 -1 0 1 2 -2 -1 0 1 2 -2 -1 0 1 2 
var mu16 1 5
0.10000000000000001 0.20000000000000001 0.29999999999999999 0.40000000000000002 0.5 
var specrad-15 0
0.78786858628979994 
var acvfMaxlag-15 0
4 
var Gamma-15 3 5 5 5
2.0515818535368116 0.55420882194226739 0.38204542871774938 0.30845141138857812 0.25277723152985898 0.55420882194226739 1.40008919327152 0.30566366718027049 0.26595911959315344 0.2283698711082327 0.38204542871774938 0.30566366718027049 1.2563166160949479 0.22742361007824866 0.20016238209823178 0.30845141138857812 0.26595911959315344 0.22742361007824866 1.2177265071979928 0.18982005241452071 0.25277723152985898 0.2283698711082327 0.20016238209823178 0.18982005241452071 1.1776931338323571 0.12632309546936385 0.17940875749235871 0.10829880845532668 0.13971069978193315 0.11931244481565791 0.10612213924204146 0.15098424291768206 0.089367210332393157 0.12877551399940929 0.11151664481499939 0.074436134229176207 0.11972173285253472 0.073667651808837525 0.089194878711445713 0.12667544177124929 0.083652430338377853 0.10529525182239013 0.11265205210261262 0.11895388502753791 0.13100644869596687 0.090719694041875062 0.09541107945477055 0.08072354787098876 0.091057308517415114 0.080223738701691472 0.12168382829835245 0.15146354322045086 0.092156798676509485 0.12072750838348052 0.14230280010480861 0.10933907662962362 0.11003411410173559 0.12927804701661627 0.13557931839103085 0.10258433479298974 0.089018046763586781 0.097486324215600481 0.071537218292447358 0.12913057068313666 0.074490244748822335 0.073585244010398773 0.12366951118372162 0.11629719159404354 0.10856797443047426 0.1054961782382914 0.071936092545647506 0.10411939419407538 0.097409272517673562 0.10660502625023802 0.11940069351269671 0.12798556303466596 0.14007091692143409 0.11374463878085991 0.13913346516998282 0.10258044250565741 0.12440770819617226 0.10014896838580026 0.11970237493080917 0.11471515810306766 0.13018199872053837 0.1168123093513017 0.099477683946254544 0.081655945257674514 0.13284887177183619 0.10502882349342231 0.074890368301633162 0.087190456528799753 0.074265215595971421 0.12538221368332289 0.11545118121603599 0.10512393125951955 0.10184501758742107 0.10775145018679663 0.11768815219641224 0.096102986626918255 0.13105585871985315 0.17283385951228919 0.16656849573715948 0.18424979984173911 0.16390253988344711 0.10323753705313576 0.10753162028509163 0.12874364870839838 0.146688383687753 0.1130125306463883 0.11610542478589955 0.094752054432504271 0.095309740098100393 0.085858510224166379 0.11353519636607563 0.10488909780006886 0.072990448374102151 0.097455801924787561 0.13034992139649088 0.10009706932717022 0.059871409509472909 0.077365150404206162 0.11482669433979922 0.090012028926481497 0.121287224849795 
var condR-15 0
1460644.2683518538 
var AutoML1-15 3 5 5 5
1.716331781573518 0.47758407540893943 -0.013093334105400475 1.5989026180521801 1.0369198648003799 0.47758407540893943 0.28922063886717175 0.067424301239990742 0.40463603872270876 0.31831404671186631 -0.013093334105400475 0.067424301239990742 0.10232181629407569 0.18252658740312766 0.27087249790189361 1.5989026180521801 0.40463603872270876 0.18252658740312766 2.363308234199978 1.7160712244235259 1.0369198648003799 0.31831404671186631 0.27087249790189361 1.7160712244235259 1.6502921728859774 0.039317334925947814 -0.083543021416913971 0.2023685402247144 0.8350325269359905 0.93156367334212287 -0.31134057844426849 -0.12461174599806617 0.1048835365594418 0.027183824443430076 0.2726080683012061 -0.37269802388227574 -0.062858617249437421 0.018953944815159621 -0.40953458745351989 -0.21627976063390975 -0.32595684018998677 0.10436560134923309 0.26679004632431336 0.090009573471581658 0.52800247440023418 -0.95174667880392205 -0.1850788007666046 0.10300387496482095 -0.75818698612239843 -0.32652149605755304 -0.60080940164162921 0.038747020510538764 0.0024925733608319066 -0.86962977269766772 -0.69501847585265764 -0.3828785838735419 -0.045245442147078374 -0.075592783211351114 -0.68402471800992237 -0.62618225132292682 -0.13636702798965708 -0.050316888113025239 -0.050051146227337986 -0.26390674246002988 -0.2568816198868894 -1.1254343229100232 -0.22144454531247507 0.0076112887428735178 -1.2068739477812795 -0.8232079908418225 -0.45132919002302907 -0.034001485039124632 -0.078900236866168524 -0.80332219852304898 -0.72992644346330893 -0.13690982117394596 -0.023576036228699575 0.042313029614489614 -0.029192533200297088 0.052409612967051614 0.21690985146084504 0.020550672124040197 -0.014128302078223798 0.22629031294101778 0.14553847995362085 0.17517677615592953 0.020801561953491855 -0.024651350597344329 0.13769495830623182 0.060333669196657745 -0.11620894554198775 0.017693568779471279 -0.0828208744887204 -0.42881365217657808 -0.46846391705494456 0.21030401873449259 0.017371591460214452 -0.0056576967761881505 0.24675844828081553 0.1758410827243761 -0.1597640028971315 -0.0096502515493099243 -0.0068705825872720939 -0.22546232829607415 -0.18183248298027724 0.077747524132410567 0.0046961965875185075 0.0033434990099215135 0.10971894477027547 0.088486925103321026 0.10667804920863992 0.0064436918891916523 0.0045876438624848507 0.15054631153770984 0.12141367401509613 0.25794959784786586 0.01558097231626095 0.011093012088014019 0.3640239093862867 0.29358062523409373 0.048729657815838975 0.0029434255984273775 0.0020955980846874612 0.068768320203545091 0.05546077035349721 
var AutoC1-15 3 5 5 5
1.716331781573518 0.47758407540893943 -0.013093334105400475 1.5989026180521801 1.0369198648003799 0.47758407540893943 0.28922063886717175 0.067424301239990742 0.40463603872270876 0.31831404671186631 -0.013093334105400475 0.067424301239990742 0.10232181629407569 0.18252658740312766 0.27087249790189361 1.5989026180521801 0.40463603872270876 0.18252658740312766 2.363308234199978 1.7160712244235259 1.0369198648003799 0.31831404671186631 0.27087249790189361 1.7160712244235259 1.6502921728859774 0.049146668657434764 -0.10442877677114246 0.252960675280893 1.0437906586699881 1.1644545916776536 -0.3891757230553356 -0.15576468249758271 0.13110442069930225 0.033979780554287596 0.34076008537650759 -0.46587252985284466 -0.078573271561796776 0.023692431018949526 -0.51191823431689987 -0.27034970079238718 -0.40744605023748348 0.13045700168654137 0.3334875579053917 0.11251196683947708 0.6600030930002927 -1.1896833485049025 -0.23134850095825574 0.12875484370602619 -0.9477337326529981 -0.40815187007194131 -1.0013490027360488 0.064578367517564614 0.0041542889347198448 -1.449382954496113 -1.158364126421096 -0.63813097312256983 -0.075409070245130619 -0.12598797201891851 -1.140041196683204 -1.0436370855382113 -0.22727837998276179 -0.083861480188375401 -0.083418577045563311 -0.43984457076671646 -0.42813603314481569 -1.8757238715167055 -0.36907424218745843 0.012685481238122529 -2.0114565796354658 -1.3720133180697041 -0.75221531670504849 -0.05666914173187438 -0.13150039477694755 -1.3388703308717484 -1.2165440724388483 -0.34227455293486486 -0.05894009057174894 0.10578257403622404 -0.072981333000742721 0.13102403241762903 0.54227462865211262 0.051376680310100495 -0.035320755195559494 0.56572578235254445 0.36384619988405215 0.43794194038982381 0.052003904883729635 -0.061628376493360823 0.34423739576557955 0.15083417299164437 -0.29052236385496938 0.044233921948678194 -0.20705218622180099 -1.0720341304414451 -1.1711597926373614 0.52576004683623145 0.043428978650536132 -0.014144241940470377 0.61689612070203881 0.43960270681094021 -0.79882001448565743 -0.04825125774654962 -0.034352912936360468 -1.1273116414803708 -0.90916241490138616 0.38873762066205281 0.023480982937592536 0.016717495049607567 0.54859472385137731 0.44243462551660512 0.53339024604319962 0.032218459445958261 0.022938219312424252 0.75273155768854916 0.60706837007548065 1.2897479892393293 0.077904861581304746 0.055465060440070095 1.8201195469314335 1.4679031261704687 0.24364828907919489 0.014717127992136888 0.010477990423437306 0.34384160101772543 0.27730385176748606 
var X1-15 2 5 5
2.3814667433731991 1.2337521643126572 -0.37247756773355001 2.233281125243868 2.1241788394191414 1.4302792460763589 1.3503748163329945 -0.96156857225523251 -0.97441934942989894 -1.3266012974301291 -1.5114168296763237 0.078980375933442953 -0.65353138657265586 -2.3033490047909577 -1.2778759344542108 0.39721759754227592 1.6189475924359762 -0.10844531498964821 -0.98891256340126488 0.57102393961358511 0.12483765777203512 1.3379461739611707 -0.15705935471384366 0.37893347693983065 0.19029947205773956 
var E1-15 2 5 5
2.5746631584531738 1.5223878947593767 -0.27827694189379087 2.5245228575838361 2.2923183799808626 1.4959708446301019 1.3523978622641664 -0.92454696433845684 -0.94971013229117973 -1.281169271190677 -1.5131594255767176 -0.05408265703202704 -0.63101867807001177 -2.3279130552673664 -1.2662600202665686 0.32433630381051165 1.6732261373444277 -0.05107220856970205 -0.9634387078751121 0.63341133219606804 0.038328023950261136 1.3542346901783737 -0.26461074014931896 0.29884935869726126 0.18685402686428376 
var X01-15 2 5 5
-2 -1 0 1 2 -2 -1 0 1 2 -2 -1 0 1 2 -2 -1 0 1 2 -0.037343859896189602 1.2507164891041269 -0.1361308775122172 0.32870450844993909 0.34003844272429018 
var E01-15 2 5 5
-2.317805480357185 -1.4378501067193881 -0.23836575633443938 0.54865473791647001 1.6729872742826066 -2.3339998945101912 -1.2670233491861924 -0.36939070278452407 0.65393816344655931 1.6500259086853404 -2.1577272559986147 -1.1968996611779485 -0.3936851519402228 0.73085205954514065 1.6331137618564768 -1.9970494585347911 -1.0350578104244368 -0.22736608287531357 0.81992006999354838 1.7984185539760906 0.038328023950261136 1.3542346901783737 -0.26461074014931896 0.29884935869726126 0.18685402686428376 
var Xmu1-15 2 5 5
2.4814667433731992 1.4337521643126572 -0.072477567733550019 2.6332811252438679 2.6241788394191414 1.530279246076359 1.5503748163329945 -0.66156857225523247 -0.57441934942989892 -0.82660129743012911 -1.4114168296763236 0.27898037593344294 -0.35353138657265587 -1.9033490047909578 -0.77787593445421077 0.4972175975422759 1.8189475924359761 0.19155468501035178 -0.58891256340126485 1.071023939613585 0.22483765777203513 1.5379461739611706 0.14294064528615633 0.77893347693983062 0.69029947205773956 
var Emu1-15 2 5 5
2.5746631584531738 1.5223878947593767 -0.27827694189379087 2.5245228575838361 2.2923183799808626 1.4959708446301019 1.3523978622641664 -0.92454696433845684 -0.94971013229117973 -1.281169271190677 -1.5131594255767176 -0.05408265703202704 -0.63101867807001177 -2.3279130552673664 -1.2662600202665686 0.32433630381051165 1.6732261373444277 -0.05107220856970205 -0.9634387078751121 0.63341133219606804 0.038328023950261136 1.3542346901783737 -0.26461074014931896 0.29884935869726126 0.18685402686428376 
var X0mu1-15 2 5 5
-2 -1 0 1 2 -2 -1 0 1 2 -2 -1 0 1 2 -2 -1 0 1 2 -0.072038855448970401 1.302131414971089 0.0024209028724714865 0.5516722010235029 0.65899564846798109 
var E0mu1-15 2 5 5
-2.3386027500105766 -1.5425061574307524 -0.45501253300229405 0.2464064070292129 1.2658461157445828 -2.3376300373262819 -1.3558363978721049 -0.56474842949209747 0.3713928172319072 1.2680323253258563 -2.1510260702304431 -1.263735300790487 -0.56454756052806809 0.47373608108589149 1.2742151832102417 -1.9715068630175492 -1.0864841531073959 -0.38075076628330606 0.5900700636200219 1.4610659577094192 0.038328023950261136 1.3542346901783737 -0.26461074014931896 0.29884935869726126 0.18685402686428376 
